Digits in ascending order: 

    1    1    1    2    3    3    5    6    7    7
    8   11   12   12   15   21   23   23   23   23
   23   24   24   32   32   32   32   33   33   33
   34   34   34   34   34   34   34   34   34   34
   35   35   35   37   40   42   42   43   43   43
   43   43   43   44   45   45   45   45   45   45
   45   47   48   49   52   53   54   54   54   54
   54   55   56   56   56   58   59   59   61   62
   63   64   64   64   64   65   65   65   65   65
   65   65   65   67   67   67   67   67   68   70
   72   72   74   74   74   75   75   75   75   75
   76   76   76   76   76   76   76   78   78   78
   79   80   81   81   81   82   82   82   83   83
   85   86   86   86   86   87   87   87   89   89
   89   89   89   90   90   90   91   92   92   93
   94   94   95   96   98   98   98  100  100  150
